1     meshdim
361     N
40000000000 40000000000  LAM,MU
26.3157894736842 0 -10473.6842105263 90 52.6315789473684 52.6315789473684
78.9473684210526 0 -10473.6842105263 90 52.6315789473684 52.6315789473684
131.578947368421 0 -10473.6842105263 90 52.6315789473684 52.6315789473684
184.210526315789 0 -10473.6842105263 90 52.6315789473684 52.6315789473684
236.842105263158 0 -10473.6842105263 90 52.6315789473684 52.6315789473684
289.473684210526 0 -10473.6842105263 90 52.6315789473684 52.6315789473684
342.105263157895 0 -10473.6842105263 90 52.6315789473684 52.6315789473684
394.736842105263 0 -10473.6842105263 90 52.6315789473684 52.6315789473684
447.368421052632 0 -10473.6842105263 90 52.6315789473684 52.6315789473684
500 0 -10473.6842105263 90 52.6315789473684 52.6315789473684
552.631578947368 0 -10473.6842105263 90 52.6315789473684 52.6315789473684
605.263157894737 0 -10473.6842105263 90 52.6315789473684 52.6315789473684
657.894736842105 0 -10473.6842105263 90 52.6315789473684 52.6315789473684
710.526315789474 0 -10473.6842105263 90 52.6315789473684 52.6315789473684
763.157894736842 0 -10473.6842105263 90 52.6315789473684 52.6315789473684
815.789473684211 0 -10473.6842105263 90 52.6315789473684 52.6315789473684
868.421052631579 0 -10473.6842105263 90 52.6315789473684 52.6315789473684
921.052631578947 0 -10473.6842105263 90 52.6315789473684 52.6315789473684
973.684210526316 0 -10473.6842105263 90 52.6315789473684 52.6315789473684
26.3157894736842 0 -10421.0526315789 90 52.6315789473684 52.6315789473684
78.9473684210526 0 -10421.0526315789 90 52.6315789473684 52.6315789473684
131.578947368421 0 -10421.0526315789 90 52.6315789473684 52.6315789473684
184.210526315789 0 -10421.0526315789 90 52.6315789473684 52.6315789473684
236.842105263158 0 -10421.0526315789 90 52.6315789473684 52.6315789473684
289.473684210526 0 -10421.0526315789 90 52.6315789473684 52.6315789473684
342.105263157895 0 -10421.0526315789 90 52.6315789473684 52.6315789473684
394.736842105263 0 -10421.0526315789 90 52.6315789473684 52.6315789473684
447.368421052632 0 -10421.0526315789 90 52.6315789473684 52.6315789473684
500 0 -10421.0526315789 90 52.6315789473684 52.6315789473684
552.631578947368 0 -10421.0526315789 90 52.6315789473684 52.6315789473684
605.263157894737 0 -10421.0526315789 90 52.6315789473684 52.6315789473684
657.894736842105 0 -10421.0526315789 90 52.6315789473684 52.6315789473684
710.526315789474 0 -10421.0526315789 90 52.6315789473684 52.6315789473684
763.157894736842 0 -10421.0526315789 90 52.6315789473684 52.6315789473684
815.789473684211 0 -10421.0526315789 90 52.6315789473684 52.6315789473684
868.421052631579 0 -10421.0526315789 90 52.6315789473684 52.6315789473684
921.052631578947 0 -10421.0526315789 90 52.6315789473684 52.6315789473684
973.684210526316 0 -10421.0526315789 90 52.6315789473684 52.6315789473684
26.3157894736842 0 -10368.4210526316 90 52.6315789473684 52.6315789473684
78.9473684210526 0 -10368.4210526316 90 52.6315789473684 52.6315789473684
131.578947368421 0 -10368.4210526316 90 52.6315789473684 52.6315789473684
184.210526315789 0 -10368.4210526316 90 52.6315789473684 52.6315789473684
236.842105263158 0 -10368.4210526316 90 52.6315789473684 52.6315789473684
289.473684210526 0 -10368.4210526316 90 52.6315789473684 52.6315789473684
342.105263157895 0 -10368.4210526316 90 52.6315789473684 52.6315789473684
394.736842105263 0 -10368.4210526316 90 52.6315789473684 52.6315789473684
447.368421052632 0 -10368.4210526316 90 52.6315789473684 52.6315789473684
500 0 -10368.4210526316 90 52.6315789473684 52.6315789473684
552.631578947368 0 -10368.4210526316 90 52.6315789473684 52.6315789473684
605.263157894737 0 -10368.4210526316 90 52.6315789473684 52.6315789473684
657.894736842105 0 -10368.4210526316 90 52.6315789473684 52.6315789473684
710.526315789474 0 -10368.4210526316 90 52.6315789473684 52.6315789473684
763.157894736842 0 -10368.4210526316 90 52.6315789473684 52.6315789473684
815.789473684211 0 -10368.4210526316 90 52.6315789473684 52.6315789473684
868.421052631579 0 -10368.4210526316 90 52.6315789473684 52.6315789473684
921.052631578947 0 -10368.4210526316 90 52.6315789473684 52.6315789473684
973.684210526316 0 -10368.4210526316 90 52.6315789473684 52.6315789473684
26.3157894736842 0 -10315.7894736842 90 52.6315789473684 52.6315789473684
78.9473684210526 0 -10315.7894736842 90 52.6315789473684 52.6315789473684
131.578947368421 0 -10315.7894736842 90 52.6315789473684 52.6315789473684
184.210526315789 0 -10315.7894736842 90 52.6315789473684 52.6315789473684
236.842105263158 0 -10315.7894736842 90 52.6315789473684 52.6315789473684
289.473684210526 0 -10315.7894736842 90 52.6315789473684 52.6315789473684
342.105263157895 0 -10315.7894736842 90 52.6315789473684 52.6315789473684
394.736842105263 0 -10315.7894736842 90 52.6315789473684 52.6315789473684
447.368421052632 0 -10315.7894736842 90 52.6315789473684 52.6315789473684
500 0 -10315.7894736842 90 52.6315789473684 52.6315789473684
552.631578947368 0 -10315.7894736842 90 52.6315789473684 52.6315789473684
605.263157894737 0 -10315.7894736842 90 52.6315789473684 52.6315789473684
657.894736842105 0 -10315.7894736842 90 52.6315789473684 52.6315789473684
710.526315789474 0 -10315.7894736842 90 52.6315789473684 52.6315789473684
763.157894736842 0 -10315.7894736842 90 52.6315789473684 52.6315789473684
815.789473684211 0 -10315.7894736842 90 52.6315789473684 52.6315789473684
868.421052631579 0 -10315.7894736842 90 52.6315789473684 52.6315789473684
921.052631578947 0 -10315.7894736842 90 52.6315789473684 52.6315789473684
973.684210526316 0 -10315.7894736842 90 52.6315789473684 52.6315789473684
26.3157894736842 0 -10263.1578947368 90 52.6315789473684 52.6315789473684
78.9473684210526 0 -10263.1578947368 90 52.6315789473684 52.6315789473684
131.578947368421 0 -10263.1578947368 90 52.6315789473684 52.6315789473684
184.210526315789 0 -10263.1578947368 90 52.6315789473684 52.6315789473684
236.842105263158 0 -10263.1578947368 90 52.6315789473684 52.6315789473684
289.473684210526 0 -10263.1578947368 90 52.6315789473684 52.6315789473684
342.105263157895 0 -10263.1578947368 90 52.6315789473684 52.6315789473684
394.736842105263 0 -10263.1578947368 90 52.6315789473684 52.6315789473684
447.368421052632 0 -10263.1578947368 90 52.6315789473684 52.6315789473684
500 0 -10263.1578947368 90 52.6315789473684 52.6315789473684
552.631578947368 0 -10263.1578947368 90 52.6315789473684 52.6315789473684
605.263157894737 0 -10263.1578947368 90 52.6315789473684 52.6315789473684
657.894736842105 0 -10263.1578947368 90 52.6315789473684 52.6315789473684
710.526315789474 0 -10263.1578947368 90 52.6315789473684 52.6315789473684
763.157894736842 0 -10263.1578947368 90 52.6315789473684 52.6315789473684
815.789473684211 0 -10263.1578947368 90 52.6315789473684 52.6315789473684
868.421052631579 0 -10263.1578947368 90 52.6315789473684 52.6315789473684
921.052631578947 0 -10263.1578947368 90 52.6315789473684 52.6315789473684
973.684210526316 0 -10263.1578947368 90 52.6315789473684 52.6315789473684
26.3157894736842 0 -10210.5263157895 90 52.6315789473684 52.6315789473684
78.9473684210526 0 -10210.5263157895 90 52.6315789473684 52.6315789473684
131.578947368421 0 -10210.5263157895 90 52.6315789473684 52.6315789473684
184.210526315789 0 -10210.5263157895 90 52.6315789473684 52.6315789473684
236.842105263158 0 -10210.5263157895 90 52.6315789473684 52.6315789473684
289.473684210526 0 -10210.5263157895 90 52.6315789473684 52.6315789473684
342.105263157895 0 -10210.5263157895 90 52.6315789473684 52.6315789473684
394.736842105263 0 -10210.5263157895 90 52.6315789473684 52.6315789473684
447.368421052632 0 -10210.5263157895 90 52.6315789473684 52.6315789473684
500 0 -10210.5263157895 90 52.6315789473684 52.6315789473684
552.631578947368 0 -10210.5263157895 90 52.6315789473684 52.6315789473684
605.263157894737 0 -10210.5263157895 90 52.6315789473684 52.6315789473684
657.894736842105 0 -10210.5263157895 90 52.6315789473684 52.6315789473684
710.526315789474 0 -10210.5263157895 90 52.6315789473684 52.6315789473684
763.157894736842 0 -10210.5263157895 90 52.6315789473684 52.6315789473684
815.789473684211 0 -10210.5263157895 90 52.6315789473684 52.6315789473684
868.421052631579 0 -10210.5263157895 90 52.6315789473684 52.6315789473684
921.052631578947 0 -10210.5263157895 90 52.6315789473684 52.6315789473684
973.684210526316 0 -10210.5263157895 90 52.6315789473684 52.6315789473684
26.3157894736842 0 -10157.8947368421 90 52.6315789473684 52.6315789473684
78.9473684210526 0 -10157.8947368421 90 52.6315789473684 52.6315789473684
131.578947368421 0 -10157.8947368421 90 52.6315789473684 52.6315789473684
184.210526315789 0 -10157.8947368421 90 52.6315789473684 52.6315789473684
236.842105263158 0 -10157.8947368421 90 52.6315789473684 52.6315789473684
289.473684210526 0 -10157.8947368421 90 52.6315789473684 52.6315789473684
342.105263157895 0 -10157.8947368421 90 52.6315789473684 52.6315789473684
394.736842105263 0 -10157.8947368421 90 52.6315789473684 52.6315789473684
447.368421052632 0 -10157.8947368421 90 52.6315789473684 52.6315789473684
500 0 -10157.8947368421 90 52.6315789473684 52.6315789473684
552.631578947368 0 -10157.8947368421 90 52.6315789473684 52.6315789473684
605.263157894737 0 -10157.8947368421 90 52.6315789473684 52.6315789473684
657.894736842105 0 -10157.8947368421 90 52.6315789473684 52.6315789473684
710.526315789474 0 -10157.8947368421 90 52.6315789473684 52.6315789473684
763.157894736842 0 -10157.8947368421 90 52.6315789473684 52.6315789473684
815.789473684211 0 -10157.8947368421 90 52.6315789473684 52.6315789473684
868.421052631579 0 -10157.8947368421 90 52.6315789473684 52.6315789473684
921.052631578947 0 -10157.8947368421 90 52.6315789473684 52.6315789473684
973.684210526316 0 -10157.8947368421 90 52.6315789473684 52.6315789473684
26.3157894736842 0 -10105.2631578947 90 52.6315789473684 52.6315789473684
78.9473684210526 0 -10105.2631578947 90 52.6315789473684 52.6315789473684
131.578947368421 0 -10105.2631578947 90 52.6315789473684 52.6315789473684
184.210526315789 0 -10105.2631578947 90 52.6315789473684 52.6315789473684
236.842105263158 0 -10105.2631578947 90 52.6315789473684 52.6315789473684
289.473684210526 0 -10105.2631578947 90 52.6315789473684 52.6315789473684
342.105263157895 0 -10105.2631578947 90 52.6315789473684 52.6315789473684
394.736842105263 0 -10105.2631578947 90 52.6315789473684 52.6315789473684
447.368421052632 0 -10105.2631578947 90 52.6315789473684 52.6315789473684
500 0 -10105.2631578947 90 52.6315789473684 52.6315789473684
552.631578947368 0 -10105.2631578947 90 52.6315789473684 52.6315789473684
605.263157894737 0 -10105.2631578947 90 52.6315789473684 52.6315789473684
657.894736842105 0 -10105.2631578947 90 52.6315789473684 52.6315789473684
710.526315789474 0 -10105.2631578947 90 52.6315789473684 52.6315789473684
763.157894736842 0 -10105.2631578947 90 52.6315789473684 52.6315789473684
815.789473684211 0 -10105.2631578947 90 52.6315789473684 52.6315789473684
868.421052631579 0 -10105.2631578947 90 52.6315789473684 52.6315789473684
921.052631578947 0 -10105.2631578947 90 52.6315789473684 52.6315789473684
973.684210526316 0 -10105.2631578947 90 52.6315789473684 52.6315789473684
26.3157894736842 0 -10052.6315789474 90 52.6315789473684 52.6315789473684
78.9473684210526 0 -10052.6315789474 90 52.6315789473684 52.6315789473684
131.578947368421 0 -10052.6315789474 90 52.6315789473684 52.6315789473684
184.210526315789 0 -10052.6315789474 90 52.6315789473684 52.6315789473684
236.842105263158 0 -10052.6315789474 90 52.6315789473684 52.6315789473684
289.473684210526 0 -10052.6315789474 90 52.6315789473684 52.6315789473684
342.105263157895 0 -10052.6315789474 90 52.6315789473684 52.6315789473684
394.736842105263 0 -10052.6315789474 90 52.6315789473684 52.6315789473684
447.368421052632 0 -10052.6315789474 90 52.6315789473684 52.6315789473684
500 0 -10052.6315789474 90 52.6315789473684 52.6315789473684
552.631578947368 0 -10052.6315789474 90 52.6315789473684 52.6315789473684
605.263157894737 0 -10052.6315789474 90 52.6315789473684 52.6315789473684
657.894736842105 0 -10052.6315789474 90 52.6315789473684 52.6315789473684
710.526315789474 0 -10052.6315789474 90 52.6315789473684 52.6315789473684
763.157894736842 0 -10052.6315789474 90 52.6315789473684 52.6315789473684
815.789473684211 0 -10052.6315789474 90 52.6315789473684 52.6315789473684
868.421052631579 0 -10052.6315789474 90 52.6315789473684 52.6315789473684
921.052631578947 0 -10052.6315789474 90 52.6315789473684 52.6315789473684
973.684210526316 0 -10052.6315789474 90 52.6315789473684 52.6315789473684
26.3157894736842 0 -10000 90 52.6315789473684 52.6315789473684
78.9473684210526 0 -10000 90 52.6315789473684 52.6315789473684
131.578947368421 0 -10000 90 52.6315789473684 52.6315789473684
184.210526315789 0 -10000 90 52.6315789473684 52.6315789473684
236.842105263158 0 -10000 90 52.6315789473684 52.6315789473684
289.473684210526 0 -10000 90 52.6315789473684 52.6315789473684
342.105263157895 0 -10000 90 52.6315789473684 52.6315789473684
394.736842105263 0 -10000 90 52.6315789473684 52.6315789473684
447.368421052632 0 -10000 90 52.6315789473684 52.6315789473684
500 0 -10000 90 52.6315789473684 52.6315789473684
552.631578947368 0 -10000 90 52.6315789473684 52.6315789473684
605.263157894737 0 -10000 90 52.6315789473684 52.6315789473684
657.894736842105 0 -10000 90 52.6315789473684 52.6315789473684
710.526315789474 0 -10000 90 52.6315789473684 52.6315789473684
763.157894736842 0 -10000 90 52.6315789473684 52.6315789473684
815.789473684211 0 -10000 90 52.6315789473684 52.6315789473684
868.421052631579 0 -10000 90 52.6315789473684 52.6315789473684
921.052631578947 0 -10000 90 52.6315789473684 52.6315789473684
973.684210526316 0 -10000 90 52.6315789473684 52.6315789473684
26.3157894736842 0 -9947.36842105263 90 52.6315789473684 52.6315789473684
78.9473684210526 0 -9947.36842105263 90 52.6315789473684 52.6315789473684
131.578947368421 0 -9947.36842105263 90 52.6315789473684 52.6315789473684
184.210526315789 0 -9947.36842105263 90 52.6315789473684 52.6315789473684
236.842105263158 0 -9947.36842105263 90 52.6315789473684 52.6315789473684
289.473684210526 0 -9947.36842105263 90 52.6315789473684 52.6315789473684
342.105263157895 0 -9947.36842105263 90 52.6315789473684 52.6315789473684
394.736842105263 0 -9947.36842105263 90 52.6315789473684 52.6315789473684
447.368421052632 0 -9947.36842105263 90 52.6315789473684 52.6315789473684
500 0 -9947.36842105263 90 52.6315789473684 52.6315789473684
552.631578947368 0 -9947.36842105263 90 52.6315789473684 52.6315789473684
605.263157894737 0 -9947.36842105263 90 52.6315789473684 52.6315789473684
657.894736842105 0 -9947.36842105263 90 52.6315789473684 52.6315789473684
710.526315789474 0 -9947.36842105263 90 52.6315789473684 52.6315789473684
763.157894736842 0 -9947.36842105263 90 52.6315789473684 52.6315789473684
815.789473684211 0 -9947.36842105263 90 52.6315789473684 52.6315789473684
868.421052631579 0 -9947.36842105263 90 52.6315789473684 52.6315789473684
921.052631578947 0 -9947.36842105263 90 52.6315789473684 52.6315789473684
973.684210526316 0 -9947.36842105263 90 52.6315789473684 52.6315789473684
26.3157894736842 0 -9894.73684210526 90 52.6315789473684 52.6315789473684
78.9473684210526 0 -9894.73684210526 90 52.6315789473684 52.6315789473684
131.578947368421 0 -9894.73684210526 90 52.6315789473684 52.6315789473684
184.210526315789 0 -9894.73684210526 90 52.6315789473684 52.6315789473684
236.842105263158 0 -9894.73684210526 90 52.6315789473684 52.6315789473684
289.473684210526 0 -9894.73684210526 90 52.6315789473684 52.6315789473684
342.105263157895 0 -9894.73684210526 90 52.6315789473684 52.6315789473684
394.736842105263 0 -9894.73684210526 90 52.6315789473684 52.6315789473684
447.368421052632 0 -9894.73684210526 90 52.6315789473684 52.6315789473684
500 0 -9894.73684210526 90 52.6315789473684 52.6315789473684
552.631578947368 0 -9894.73684210526 90 52.6315789473684 52.6315789473684
605.263157894737 0 -9894.73684210526 90 52.6315789473684 52.6315789473684
657.894736842105 0 -9894.73684210526 90 52.6315789473684 52.6315789473684
710.526315789474 0 -9894.73684210526 90 52.6315789473684 52.6315789473684
763.157894736842 0 -9894.73684210526 90 52.6315789473684 52.6315789473684
815.789473684211 0 -9894.73684210526 90 52.6315789473684 52.6315789473684
868.421052631579 0 -9894.73684210526 90 52.6315789473684 52.6315789473684
921.052631578947 0 -9894.73684210526 90 52.6315789473684 52.6315789473684
973.684210526316 0 -9894.73684210526 90 52.6315789473684 52.6315789473684
26.3157894736842 0 -9842.1052631579 90 52.6315789473684 52.6315789473684
78.9473684210526 0 -9842.1052631579 90 52.6315789473684 52.6315789473684
131.578947368421 0 -9842.1052631579 90 52.6315789473684 52.6315789473684
184.210526315789 0 -9842.1052631579 90 52.6315789473684 52.6315789473684
236.842105263158 0 -9842.1052631579 90 52.6315789473684 52.6315789473684
289.473684210526 0 -9842.1052631579 90 52.6315789473684 52.6315789473684
342.105263157895 0 -9842.1052631579 90 52.6315789473684 52.6315789473684
394.736842105263 0 -9842.1052631579 90 52.6315789473684 52.6315789473684
447.368421052632 0 -9842.1052631579 90 52.6315789473684 52.6315789473684
500 0 -9842.1052631579 90 52.6315789473684 52.6315789473684
552.631578947368 0 -9842.1052631579 90 52.6315789473684 52.6315789473684
605.263157894737 0 -9842.1052631579 90 52.6315789473684 52.6315789473684
657.894736842105 0 -9842.1052631579 90 52.6315789473684 52.6315789473684
710.526315789474 0 -9842.1052631579 90 52.6315789473684 52.6315789473684
763.157894736842 0 -9842.1052631579 90 52.6315789473684 52.6315789473684
815.789473684211 0 -9842.1052631579 90 52.6315789473684 52.6315789473684
868.421052631579 0 -9842.1052631579 90 52.6315789473684 52.6315789473684
921.052631578947 0 -9842.1052631579 90 52.6315789473684 52.6315789473684
973.684210526316 0 -9842.1052631579 90 52.6315789473684 52.6315789473684
26.3157894736842 0 -9789.47368421053 90 52.6315789473684 52.6315789473684
78.9473684210526 0 -9789.47368421053 90 52.6315789473684 52.6315789473684
131.578947368421 0 -9789.47368421053 90 52.6315789473684 52.6315789473684
184.210526315789 0 -9789.47368421053 90 52.6315789473684 52.6315789473684
236.842105263158 0 -9789.47368421053 90 52.6315789473684 52.6315789473684
289.473684210526 0 -9789.47368421053 90 52.6315789473684 52.6315789473684
342.105263157895 0 -9789.47368421053 90 52.6315789473684 52.6315789473684
394.736842105263 0 -9789.47368421053 90 52.6315789473684 52.6315789473684
447.368421052632 0 -9789.47368421053 90 52.6315789473684 52.6315789473684
500 0 -9789.47368421053 90 52.6315789473684 52.6315789473684
552.631578947368 0 -9789.47368421053 90 52.6315789473684 52.6315789473684
605.263157894737 0 -9789.47368421053 90 52.6315789473684 52.6315789473684
657.894736842105 0 -9789.47368421053 90 52.6315789473684 52.6315789473684
710.526315789474 0 -9789.47368421053 90 52.6315789473684 52.6315789473684
763.157894736842 0 -9789.47368421053 90 52.6315789473684 52.6315789473684
815.789473684211 0 -9789.47368421053 90 52.6315789473684 52.6315789473684
868.421052631579 0 -9789.47368421053 90 52.6315789473684 52.6315789473684
921.052631578947 0 -9789.47368421053 90 52.6315789473684 52.6315789473684
973.684210526316 0 -9789.47368421053 90 52.6315789473684 52.6315789473684
26.3157894736842 0 -9736.84210526316 90 52.6315789473684 52.6315789473684
78.9473684210526 0 -9736.84210526316 90 52.6315789473684 52.6315789473684
131.578947368421 0 -9736.84210526316 90 52.6315789473684 52.6315789473684
184.210526315789 0 -9736.84210526316 90 52.6315789473684 52.6315789473684
236.842105263158 0 -9736.84210526316 90 52.6315789473684 52.6315789473684
289.473684210526 0 -9736.84210526316 90 52.6315789473684 52.6315789473684
342.105263157895 0 -9736.84210526316 90 52.6315789473684 52.6315789473684
394.736842105263 0 -9736.84210526316 90 52.6315789473684 52.6315789473684
447.368421052632 0 -9736.84210526316 90 52.6315789473684 52.6315789473684
500 0 -9736.84210526316 90 52.6315789473684 52.6315789473684
552.631578947368 0 -9736.84210526316 90 52.6315789473684 52.6315789473684
605.263157894737 0 -9736.84210526316 90 52.6315789473684 52.6315789473684
657.894736842105 0 -9736.84210526316 90 52.6315789473684 52.6315789473684
710.526315789474 0 -9736.84210526316 90 52.6315789473684 52.6315789473684
763.157894736842 0 -9736.84210526316 90 52.6315789473684 52.6315789473684
815.789473684211 0 -9736.84210526316 90 52.6315789473684 52.6315789473684
868.421052631579 0 -9736.84210526316 90 52.6315789473684 52.6315789473684
921.052631578947 0 -9736.84210526316 90 52.6315789473684 52.6315789473684
973.684210526316 0 -9736.84210526316 90 52.6315789473684 52.6315789473684
26.3157894736842 0 -9684.21052631579 90 52.6315789473684 52.6315789473684
78.9473684210526 0 -9684.21052631579 90 52.6315789473684 52.6315789473684
131.578947368421 0 -9684.21052631579 90 52.6315789473684 52.6315789473684
184.210526315789 0 -9684.21052631579 90 52.6315789473684 52.6315789473684
236.842105263158 0 -9684.21052631579 90 52.6315789473684 52.6315789473684
289.473684210526 0 -9684.21052631579 90 52.6315789473684 52.6315789473684
342.105263157895 0 -9684.21052631579 90 52.6315789473684 52.6315789473684
394.736842105263 0 -9684.21052631579 90 52.6315789473684 52.6315789473684
447.368421052632 0 -9684.21052631579 90 52.6315789473684 52.6315789473684
500 0 -9684.21052631579 90 52.6315789473684 52.6315789473684
552.631578947368 0 -9684.21052631579 90 52.6315789473684 52.6315789473684
605.263157894737 0 -9684.21052631579 90 52.6315789473684 52.6315789473684
657.894736842105 0 -9684.21052631579 90 52.6315789473684 52.6315789473684
710.526315789474 0 -9684.21052631579 90 52.6315789473684 52.6315789473684
763.157894736842 0 -9684.21052631579 90 52.6315789473684 52.6315789473684
815.789473684211 0 -9684.21052631579 90 52.6315789473684 52.6315789473684
868.421052631579 0 -9684.21052631579 90 52.6315789473684 52.6315789473684
921.052631578947 0 -9684.21052631579 90 52.6315789473684 52.6315789473684
973.684210526316 0 -9684.21052631579 90 52.6315789473684 52.6315789473684
26.3157894736842 0 -9631.57894736842 90 52.6315789473684 52.6315789473684
78.9473684210526 0 -9631.57894736842 90 52.6315789473684 52.6315789473684
131.578947368421 0 -9631.57894736842 90 52.6315789473684 52.6315789473684
184.210526315789 0 -9631.57894736842 90 52.6315789473684 52.6315789473684
236.842105263158 0 -9631.57894736842 90 52.6315789473684 52.6315789473684
289.473684210526 0 -9631.57894736842 90 52.6315789473684 52.6315789473684
342.105263157895 0 -9631.57894736842 90 52.6315789473684 52.6315789473684
394.736842105263 0 -9631.57894736842 90 52.6315789473684 52.6315789473684
447.368421052632 0 -9631.57894736842 90 52.6315789473684 52.6315789473684
500 0 -9631.57894736842 90 52.6315789473684 52.6315789473684
552.631578947368 0 -9631.57894736842 90 52.6315789473684 52.6315789473684
605.263157894737 0 -9631.57894736842 90 52.6315789473684 52.6315789473684
657.894736842105 0 -9631.57894736842 90 52.6315789473684 52.6315789473684
710.526315789474 0 -9631.57894736842 90 52.6315789473684 52.6315789473684
763.157894736842 0 -9631.57894736842 90 52.6315789473684 52.6315789473684
815.789473684211 0 -9631.57894736842 90 52.6315789473684 52.6315789473684
868.421052631579 0 -9631.57894736842 90 52.6315789473684 52.6315789473684
921.052631578947 0 -9631.57894736842 90 52.6315789473684 52.6315789473684
973.684210526316 0 -9631.57894736842 90 52.6315789473684 52.6315789473684
26.3157894736842 0 -9578.94736842105 90 52.6315789473684 52.6315789473684
78.9473684210526 0 -9578.94736842105 90 52.6315789473684 52.6315789473684
131.578947368421 0 -9578.94736842105 90 52.6315789473684 52.6315789473684
184.210526315789 0 -9578.94736842105 90 52.6315789473684 52.6315789473684
236.842105263158 0 -9578.94736842105 90 52.6315789473684 52.6315789473684
289.473684210526 0 -9578.94736842105 90 52.6315789473684 52.6315789473684
342.105263157895 0 -9578.94736842105 90 52.6315789473684 52.6315789473684
394.736842105263 0 -9578.94736842105 90 52.6315789473684 52.6315789473684
447.368421052632 0 -9578.94736842105 90 52.6315789473684 52.6315789473684
500 0 -9578.94736842105 90 52.6315789473684 52.6315789473684
552.631578947368 0 -9578.94736842105 90 52.6315789473684 52.6315789473684
605.263157894737 0 -9578.94736842105 90 52.6315789473684 52.6315789473684
657.894736842105 0 -9578.94736842105 90 52.6315789473684 52.6315789473684
710.526315789474 0 -9578.94736842105 90 52.6315789473684 52.6315789473684
763.157894736842 0 -9578.94736842105 90 52.6315789473684 52.6315789473684
815.789473684211 0 -9578.94736842105 90 52.6315789473684 52.6315789473684
868.421052631579 0 -9578.94736842105 90 52.6315789473684 52.6315789473684
921.052631578947 0 -9578.94736842105 90 52.6315789473684 52.6315789473684
973.684210526316 0 -9578.94736842105 90 52.6315789473684 52.6315789473684
26.3157894736842 0 -9526.31578947369 90 52.6315789473684 52.6315789473684
78.9473684210526 0 -9526.31578947369 90 52.6315789473684 52.6315789473684
131.578947368421 0 -9526.31578947369 90 52.6315789473684 52.6315789473684
184.210526315789 0 -9526.31578947369 90 52.6315789473684 52.6315789473684
236.842105263158 0 -9526.31578947369 90 52.6315789473684 52.6315789473684
289.473684210526 0 -9526.31578947369 90 52.6315789473684 52.6315789473684
342.105263157895 0 -9526.31578947369 90 52.6315789473684 52.6315789473684
394.736842105263 0 -9526.31578947369 90 52.6315789473684 52.6315789473684
447.368421052632 0 -9526.31578947369 90 52.6315789473684 52.6315789473684
500 0 -9526.31578947369 90 52.6315789473684 52.6315789473684
552.631578947368 0 -9526.31578947369 90 52.6315789473684 52.6315789473684
605.263157894737 0 -9526.31578947369 90 52.6315789473684 52.6315789473684
657.894736842105 0 -9526.31578947369 90 52.6315789473684 52.6315789473684
710.526315789474 0 -9526.31578947369 90 52.6315789473684 52.6315789473684
763.157894736842 0 -9526.31578947369 90 52.6315789473684 52.6315789473684
815.789473684211 0 -9526.31578947369 90 52.6315789473684 52.6315789473684
868.421052631579 0 -9526.31578947369 90 52.6315789473684 52.6315789473684
921.052631578947 0 -9526.31578947369 90 52.6315789473684 52.6315789473684
973.684210526316 0 -9526.31578947369 90 52.6315789473684 52.6315789473684
